{
 "cells": [
  {
   "cell_type": "markdown",
   "metadata": {},
   "source": [
    "<center>\n",
    "<a href=\"http://www.insa-toulouse.fr/\" ><img src=\"http://www.math.univ-toulouse.fr/~besse/Wikistat/Images/Logo_INSAvilletoulouse-RVB.png\" style=\"float:left; max-width: 120px; display: inline\" alt=\"INSA\"/></a> \n",
    "\n",
    "<a href=\"http://wikistat.fr/\" ><img src=\"http://www.math.univ-toulouse.fr/~besse/Wikistat/Images/wikistat.jpg\" style=\"max-width: 250px; display: inline\"  alt=\"Wikistat\"/></a>\n",
    "\n",
    "<a href=\"http://www.math.univ-toulouse.fr/\" ><img src=\"http://www.math.univ-toulouse.fr/~besse/Wikistat/Images/logo_imt.jpg\" style=\"float:right; max-width: 250px; display: inline\" alt=\"IMT\"/> </a>\n",
    "</center>"
   ]
  },
  {
   "cell_type": "markdown",
   "metadata": {},
   "source": [
    "# [Scénarios d'Exploration Statistique](https://github.com/wikistat/Exploration)"
   ]
  },
  {
   "cell_type": "markdown",
   "metadata": {},
   "source": [
    "# Initiation à l'ACP avec <a href=\"https://cran.r-project.org/\"><img src=\"https://cran.r-project.org/Rlogo.svg\" style=\"max-width: 40px; display: inline\" alt=\"R\"/></a>\n",
    "# de la SVD à l'ACP - exemples élémentaires\n",
    "#### Résumé \n",
    "Décomposition en valeurs singulières [SVD](http://wikistat.fr/pdf/st-m-explo-alglin.pdf) d'une matrice rectangulaire comme introduction à l'[Analyse en Composantes Principales](http://wikistat.fr/pdf/st-m-explo-acp.pdf) (ACP); illustration sur des données fictives avec R puis avec le package [`FactoMineR`](http://factominer.free.fr/); application à des données élémentaires: courbes annuelles de températures moyennes mensuelles de 36 villes françaises."
   ]
  },
  {
   "cell_type": "markdown",
   "metadata": {},
   "source": [
    "#### Avertissement\n",
    "Les différents travaux et analyses proposés tout au long de ces documents sont largement explicités. Les commandes en R ou Python toutes fournies. L'important n'est pas de trouver la bonne syntaxe des commandes ni de finir au plus vite mais de réfléchir sur les méthodes, leurs conditions d'applications, les résultats obtenus. L'apprentissage de ces logiciels et de leur programmation est dispensés dans d'autres tutoriels.\n",
    "\n",
    "Répondre aux questions **Q** tout au long de la réalisation."
   ]
  },
  {
   "cell_type": "markdown",
   "metadata": {},
   "source": [
    "## 1 SVD et recherche d'éléments propres\n",
    "Cette section se propose d'illustrer les principaux résultats d'[algèbre linéaire](http://wikistat.fr/pdf/st-m-explo-alglin.pdf) utiles en exploration statistique multidimensionnelle. Ceci concerne les valeurs et vecteurs propres de matrices symétriques en lien avec la décomposition en valeur singulière ou SVD d'une matrice rectangulaire $n\\times p$ pour en faire une approximation par une matrice de mêmes dimensions mais de rang inférieur.\n",
    "### 1.1 SVD avec métrique usuelle\n",
    "Décomposition en valeurs singulières d'une matrice rectangulaire relativement à des métriques classiques définies par la matrice identité.\n",
    "\n",
    "**Q** Ecrire la formule de la décomposition en valeurs singulières d'une matrice rectangulaire. \n",
    "\n",
    "**Q** De quelles matrice les vecteurs singuliers sont vecteurs propres?"
   ]
  },
  {
   "cell_type": "code",
   "execution_count": 1,
   "metadata": {},
   "outputs": [
    {
     "data": {
      "text/html": [
       "<ol class=list-inline>\n",
       "\t<li>5.18669304168643</li>\n",
       "\t<li>1.64356538192122</li>\n",
       "\t<li>1.45317115589745</li>\n",
       "\t<li>1.16327346674577</li>\n",
       "\t<li>0.844045625577765</li>\n",
       "</ol>\n"
      ],
      "text/latex": [
       "\\begin{enumerate*}\n",
       "\\item 5.18669304168643\n",
       "\\item 1.64356538192122\n",
       "\\item 1.45317115589745\n",
       "\\item 1.16327346674577\n",
       "\\item 0.844045625577765\n",
       "\\end{enumerate*}\n"
      ],
      "text/markdown": [
       "1. 5.18669304168643\n",
       "2. 1.64356538192122\n",
       "3. 1.45317115589745\n",
       "4. 1.16327346674577\n",
       "5. 0.844045625577765\n",
       "\n",
       "\n"
      ],
      "text/plain": [
       "[1] 5.1866930 1.6435654 1.4531712 1.1632735 0.8440456"
      ]
     },
     "metadata": {},
     "output_type": "display_data"
    }
   ],
   "source": [
    "# Génération d'un matrice n x p\n",
    "X=matrix(runif(100),20,5)\n",
    "# SVD\n",
    "res=svd(X)\n",
    "# Valeurs singulières\n",
    "res$d"
   ]
  },
  {
   "cell_type": "code",
   "execution_count": 2,
   "metadata": {},
   "outputs": [
    {
     "data": {
      "text/html": [
       "<table>\n",
       "<tbody>\n",
       "\t<tr><td> 1.000000e+00</td><td> 1.908196e-17</td><td>-2.775558e-17</td><td> 1.491862e-16</td><td> 0.000000e+00</td></tr>\n",
       "\t<tr><td> 1.908196e-17</td><td> 1.000000e+00</td><td> 1.942890e-16</td><td> 6.461845e-17</td><td>-3.191891e-16</td></tr>\n",
       "\t<tr><td>-2.775558e-17</td><td> 1.942890e-16</td><td> 1.000000e+00</td><td> 2.081668e-17</td><td> 2.775558e-17</td></tr>\n",
       "\t<tr><td> 1.491862e-16</td><td> 6.461845e-17</td><td> 2.081668e-17</td><td> 1.000000e+00</td><td>-4.163336e-17</td></tr>\n",
       "\t<tr><td> 0.000000e+00</td><td>-3.191891e-16</td><td> 2.775558e-17</td><td>-4.163336e-17</td><td> 1.000000e+00</td></tr>\n",
       "</tbody>\n",
       "</table>\n"
      ],
      "text/latex": [
       "\\begin{tabular}{lllll}\n",
       "\t  1.000000e+00 &  1.908196e-17 & -2.775558e-17 &  1.491862e-16 &  0.000000e+00\\\\\n",
       "\t  1.908196e-17 &  1.000000e+00 &  1.942890e-16 &  6.461845e-17 & -3.191891e-16\\\\\n",
       "\t -2.775558e-17 &  1.942890e-16 &  1.000000e+00 &  2.081668e-17 &  2.775558e-17\\\\\n",
       "\t  1.491862e-16 &  6.461845e-17 &  2.081668e-17 &  1.000000e+00 & -4.163336e-17\\\\\n",
       "\t  0.000000e+00 & -3.191891e-16 &  2.775558e-17 & -4.163336e-17 &  1.000000e+00\\\\\n",
       "\\end{tabular}\n"
      ],
      "text/markdown": [
       "\n",
       "|  1.000000e+00 |  1.908196e-17 | -2.775558e-17 |  1.491862e-16 |  0.000000e+00 | \n",
       "|  1.908196e-17 |  1.000000e+00 |  1.942890e-16 |  6.461845e-17 | -3.191891e-16 | \n",
       "| -2.775558e-17 |  1.942890e-16 |  1.000000e+00 |  2.081668e-17 |  2.775558e-17 | \n",
       "|  1.491862e-16 |  6.461845e-17 |  2.081668e-17 |  1.000000e+00 | -4.163336e-17 | \n",
       "|  0.000000e+00 | -3.191891e-16 |  2.775558e-17 | -4.163336e-17 |  1.000000e+00 | \n",
       "\n",
       "\n"
      ],
      "text/plain": [
       "     [,1]          [,2]          [,3]          [,4]          [,5]         \n",
       "[1,]  1.000000e+00  1.908196e-17 -2.775558e-17  1.491862e-16  0.000000e+00\n",
       "[2,]  1.908196e-17  1.000000e+00  1.942890e-16  6.461845e-17 -3.191891e-16\n",
       "[3,] -2.775558e-17  1.942890e-16  1.000000e+00  2.081668e-17  2.775558e-17\n",
       "[4,]  1.491862e-16  6.461845e-17  2.081668e-17  1.000000e+00 -4.163336e-17\n",
       "[5,]  0.000000e+00 -3.191891e-16  2.775558e-17 -4.163336e-17  1.000000e+00"
      ]
     },
     "metadata": {},
     "output_type": "display_data"
    }
   ],
   "source": [
    "# Vérifier l'orthonormalité des vecteurs\n",
    "t(res$u)%*%res$u"
   ]
  },
  {
   "cell_type": "code",
   "execution_count": 3,
   "metadata": {},
   "outputs": [
    {
     "data": {
      "text/html": [
       "<table>\n",
       "<tbody>\n",
       "\t<tr><td> 1.000000e+00</td><td> 1.387779e-16</td><td>-1.110223e-16</td><td>-1.665335e-16</td><td> 2.081668e-16</td></tr>\n",
       "\t<tr><td> 1.387779e-16</td><td> 1.000000e+00</td><td>-5.551115e-17</td><td>-2.498002e-16</td><td> 4.163336e-17</td></tr>\n",
       "\t<tr><td>-1.110223e-16</td><td>-5.551115e-17</td><td> 1.000000e+00</td><td> 0.000000e+00</td><td>-8.326673e-17</td></tr>\n",
       "\t<tr><td>-1.665335e-16</td><td>-2.498002e-16</td><td> 0.000000e+00</td><td> 1.000000e+00</td><td>-3.122502e-17</td></tr>\n",
       "\t<tr><td> 2.081668e-16</td><td> 4.163336e-17</td><td>-8.326673e-17</td><td>-3.122502e-17</td><td> 1.000000e+00</td></tr>\n",
       "</tbody>\n",
       "</table>\n"
      ],
      "text/latex": [
       "\\begin{tabular}{lllll}\n",
       "\t  1.000000e+00 &  1.387779e-16 & -1.110223e-16 & -1.665335e-16 &  2.081668e-16\\\\\n",
       "\t  1.387779e-16 &  1.000000e+00 & -5.551115e-17 & -2.498002e-16 &  4.163336e-17\\\\\n",
       "\t -1.110223e-16 & -5.551115e-17 &  1.000000e+00 &  0.000000e+00 & -8.326673e-17\\\\\n",
       "\t -1.665335e-16 & -2.498002e-16 &  0.000000e+00 &  1.000000e+00 & -3.122502e-17\\\\\n",
       "\t  2.081668e-16 &  4.163336e-17 & -8.326673e-17 & -3.122502e-17 &  1.000000e+00\\\\\n",
       "\\end{tabular}\n"
      ],
      "text/markdown": [
       "\n",
       "|  1.000000e+00 |  1.387779e-16 | -1.110223e-16 | -1.665335e-16 |  2.081668e-16 | \n",
       "|  1.387779e-16 |  1.000000e+00 | -5.551115e-17 | -2.498002e-16 |  4.163336e-17 | \n",
       "| -1.110223e-16 | -5.551115e-17 |  1.000000e+00 |  0.000000e+00 | -8.326673e-17 | \n",
       "| -1.665335e-16 | -2.498002e-16 |  0.000000e+00 |  1.000000e+00 | -3.122502e-17 | \n",
       "|  2.081668e-16 |  4.163336e-17 | -8.326673e-17 | -3.122502e-17 |  1.000000e+00 | \n",
       "\n",
       "\n"
      ],
      "text/plain": [
       "     [,1]          [,2]          [,3]          [,4]          [,5]         \n",
       "[1,]  1.000000e+00  1.387779e-16 -1.110223e-16 -1.665335e-16  2.081668e-16\n",
       "[2,]  1.387779e-16  1.000000e+00 -5.551115e-17 -2.498002e-16  4.163336e-17\n",
       "[3,] -1.110223e-16 -5.551115e-17  1.000000e+00  0.000000e+00 -8.326673e-17\n",
       "[4,] -1.665335e-16 -2.498002e-16  0.000000e+00  1.000000e+00 -3.122502e-17\n",
       "[5,]  2.081668e-16  4.163336e-17 -8.326673e-17 -3.122502e-17  1.000000e+00"
      ]
     },
     "metadata": {},
     "output_type": "display_data"
    }
   ],
   "source": [
    "t(res$v)%*%res$v"
   ]
  },
  {
   "cell_type": "code",
   "execution_count": 4,
   "metadata": {},
   "outputs": [
    {
     "data": {
      "text/html": [
       "<table>\n",
       "<tbody>\n",
       "\t<tr><td>-6.661338e-16</td><td>-9.436896e-16</td><td>-1.443290e-15</td><td>-8.881784e-16</td><td>-1.165734e-15</td></tr>\n",
       "\t<tr><td>-3.885781e-16</td><td>-8.881784e-16</td><td>-4.163336e-16</td><td>-5.551115e-16</td><td>-2.220446e-16</td></tr>\n",
       "\t<tr><td>-5.551115e-16</td><td>-8.881784e-16</td><td>-2.498002e-16</td><td>-9.992007e-16</td><td>-4.440892e-16</td></tr>\n",
       "\t<tr><td>-3.885781e-16</td><td>-6.661338e-16</td><td>-6.661338e-16</td><td>-6.661338e-16</td><td>-6.661338e-16</td></tr>\n",
       "\t<tr><td>-6.661338e-16</td><td>-6.661338e-16</td><td>-6.661338e-16</td><td>-7.771561e-16</td><td>-4.440892e-16</td></tr>\n",
       "\t<tr><td>-2.289835e-16</td><td>-2.636780e-16</td><td>-3.330669e-16</td><td>-2.220446e-16</td><td>-6.661338e-16</td></tr>\n",
       "\t<tr><td>-4.440892e-16</td><td>-5.551115e-16</td><td>-6.661338e-16</td><td>-5.551115e-16</td><td>-6.661338e-16</td></tr>\n",
       "\t<tr><td>-4.440892e-16</td><td>-3.330669e-16</td><td>-5.551115e-16</td><td>-5.551115e-16</td><td>-5.967449e-16</td></tr>\n",
       "\t<tr><td>-3.885781e-16</td><td>-4.440892e-16</td><td>-5.551115e-16</td><td>-2.220446e-16</td><td>-7.771561e-16</td></tr>\n",
       "\t<tr><td>-1.110223e-16</td><td> 8.326673e-17</td><td>-3.330669e-16</td><td>-5.551115e-17</td><td>-5.273559e-16</td></tr>\n",
       "\t<tr><td>-5.551115e-16</td><td>-4.440892e-16</td><td>-4.996004e-16</td><td>-5.551115e-16</td><td>-2.498002e-16</td></tr>\n",
       "\t<tr><td>-4.440892e-16</td><td>-2.220446e-16</td><td>-3.885781e-16</td><td>-3.885781e-16</td><td>-3.330669e-16</td></tr>\n",
       "\t<tr><td>-3.885781e-16</td><td>-4.996004e-16</td><td>-7.771561e-16</td><td>-4.163336e-16</td><td>-3.330669e-16</td></tr>\n",
       "\t<tr><td>-1.110223e-16</td><td>-6.661338e-16</td><td>-2.220446e-16</td><td>-4.440892e-16</td><td>-1.942890e-16</td></tr>\n",
       "\t<tr><td>-5.551115e-16</td><td>-3.885781e-16</td><td>-3.330669e-16</td><td>-2.220446e-16</td><td>-4.440892e-16</td></tr>\n",
       "\t<tr><td>-2.220446e-16</td><td>-2.775558e-16</td><td>-5.551115e-16</td><td>-1.110223e-16</td><td>-7.771561e-16</td></tr>\n",
       "\t<tr><td>-4.718448e-16</td><td>-9.992007e-16</td><td>-6.661338e-16</td><td>-7.771561e-16</td><td>-7.771561e-16</td></tr>\n",
       "\t<tr><td>-4.996004e-16</td><td>-7.771561e-16</td><td>-3.608225e-16</td><td>-7.771561e-16</td><td>-3.191891e-16</td></tr>\n",
       "\t<tr><td>-5.551115e-16</td><td>-7.771561e-16</td><td>-7.771561e-16</td><td>-1.110223e-15</td><td>-4.440892e-16</td></tr>\n",
       "\t<tr><td>-5.551115e-16</td><td>-1.110223e-16</td><td> 0.000000e+00</td><td>-4.440892e-16</td><td>-4.787837e-16</td></tr>\n",
       "</tbody>\n",
       "</table>\n"
      ],
      "text/latex": [
       "\\begin{tabular}{lllll}\n",
       "\t -6.661338e-16 & -9.436896e-16 & -1.443290e-15 & -8.881784e-16 & -1.165734e-15\\\\\n",
       "\t -3.885781e-16 & -8.881784e-16 & -4.163336e-16 & -5.551115e-16 & -2.220446e-16\\\\\n",
       "\t -5.551115e-16 & -8.881784e-16 & -2.498002e-16 & -9.992007e-16 & -4.440892e-16\\\\\n",
       "\t -3.885781e-16 & -6.661338e-16 & -6.661338e-16 & -6.661338e-16 & -6.661338e-16\\\\\n",
       "\t -6.661338e-16 & -6.661338e-16 & -6.661338e-16 & -7.771561e-16 & -4.440892e-16\\\\\n",
       "\t -2.289835e-16 & -2.636780e-16 & -3.330669e-16 & -2.220446e-16 & -6.661338e-16\\\\\n",
       "\t -4.440892e-16 & -5.551115e-16 & -6.661338e-16 & -5.551115e-16 & -6.661338e-16\\\\\n",
       "\t -4.440892e-16 & -3.330669e-16 & -5.551115e-16 & -5.551115e-16 & -5.967449e-16\\\\\n",
       "\t -3.885781e-16 & -4.440892e-16 & -5.551115e-16 & -2.220446e-16 & -7.771561e-16\\\\\n",
       "\t -1.110223e-16 &  8.326673e-17 & -3.330669e-16 & -5.551115e-17 & -5.273559e-16\\\\\n",
       "\t -5.551115e-16 & -4.440892e-16 & -4.996004e-16 & -5.551115e-16 & -2.498002e-16\\\\\n",
       "\t -4.440892e-16 & -2.220446e-16 & -3.885781e-16 & -3.885781e-16 & -3.330669e-16\\\\\n",
       "\t -3.885781e-16 & -4.996004e-16 & -7.771561e-16 & -4.163336e-16 & -3.330669e-16\\\\\n",
       "\t -1.110223e-16 & -6.661338e-16 & -2.220446e-16 & -4.440892e-16 & -1.942890e-16\\\\\n",
       "\t -5.551115e-16 & -3.885781e-16 & -3.330669e-16 & -2.220446e-16 & -4.440892e-16\\\\\n",
       "\t -2.220446e-16 & -2.775558e-16 & -5.551115e-16 & -1.110223e-16 & -7.771561e-16\\\\\n",
       "\t -4.718448e-16 & -9.992007e-16 & -6.661338e-16 & -7.771561e-16 & -7.771561e-16\\\\\n",
       "\t -4.996004e-16 & -7.771561e-16 & -3.608225e-16 & -7.771561e-16 & -3.191891e-16\\\\\n",
       "\t -5.551115e-16 & -7.771561e-16 & -7.771561e-16 & -1.110223e-15 & -4.440892e-16\\\\\n",
       "\t -5.551115e-16 & -1.110223e-16 &  0.000000e+00 & -4.440892e-16 & -4.787837e-16\\\\\n",
       "\\end{tabular}\n"
      ],
      "text/markdown": [
       "\n",
       "| -6.661338e-16 | -9.436896e-16 | -1.443290e-15 | -8.881784e-16 | -1.165734e-15 | \n",
       "| -3.885781e-16 | -8.881784e-16 | -4.163336e-16 | -5.551115e-16 | -2.220446e-16 | \n",
       "| -5.551115e-16 | -8.881784e-16 | -2.498002e-16 | -9.992007e-16 | -4.440892e-16 | \n",
       "| -3.885781e-16 | -6.661338e-16 | -6.661338e-16 | -6.661338e-16 | -6.661338e-16 | \n",
       "| -6.661338e-16 | -6.661338e-16 | -6.661338e-16 | -7.771561e-16 | -4.440892e-16 | \n",
       "| -2.289835e-16 | -2.636780e-16 | -3.330669e-16 | -2.220446e-16 | -6.661338e-16 | \n",
       "| -4.440892e-16 | -5.551115e-16 | -6.661338e-16 | -5.551115e-16 | -6.661338e-16 | \n",
       "| -4.440892e-16 | -3.330669e-16 | -5.551115e-16 | -5.551115e-16 | -5.967449e-16 | \n",
       "| -3.885781e-16 | -4.440892e-16 | -5.551115e-16 | -2.220446e-16 | -7.771561e-16 | \n",
       "| -1.110223e-16 |  8.326673e-17 | -3.330669e-16 | -5.551115e-17 | -5.273559e-16 | \n",
       "| -5.551115e-16 | -4.440892e-16 | -4.996004e-16 | -5.551115e-16 | -2.498002e-16 | \n",
       "| -4.440892e-16 | -2.220446e-16 | -3.885781e-16 | -3.885781e-16 | -3.330669e-16 | \n",
       "| -3.885781e-16 | -4.996004e-16 | -7.771561e-16 | -4.163336e-16 | -3.330669e-16 | \n",
       "| -1.110223e-16 | -6.661338e-16 | -2.220446e-16 | -4.440892e-16 | -1.942890e-16 | \n",
       "| -5.551115e-16 | -3.885781e-16 | -3.330669e-16 | -2.220446e-16 | -4.440892e-16 | \n",
       "| -2.220446e-16 | -2.775558e-16 | -5.551115e-16 | -1.110223e-16 | -7.771561e-16 | \n",
       "| -4.718448e-16 | -9.992007e-16 | -6.661338e-16 | -7.771561e-16 | -7.771561e-16 | \n",
       "| -4.996004e-16 | -7.771561e-16 | -3.608225e-16 | -7.771561e-16 | -3.191891e-16 | \n",
       "| -5.551115e-16 | -7.771561e-16 | -7.771561e-16 | -1.110223e-15 | -4.440892e-16 | \n",
       "| -5.551115e-16 | -1.110223e-16 |  0.000000e+00 | -4.440892e-16 | -4.787837e-16 | \n",
       "\n",
       "\n"
      ],
      "text/plain": [
       "      [,1]          [,2]          [,3]          [,4]          [,5]         \n",
       " [1,] -6.661338e-16 -9.436896e-16 -1.443290e-15 -8.881784e-16 -1.165734e-15\n",
       " [2,] -3.885781e-16 -8.881784e-16 -4.163336e-16 -5.551115e-16 -2.220446e-16\n",
       " [3,] -5.551115e-16 -8.881784e-16 -2.498002e-16 -9.992007e-16 -4.440892e-16\n",
       " [4,] -3.885781e-16 -6.661338e-16 -6.661338e-16 -6.661338e-16 -6.661338e-16\n",
       " [5,] -6.661338e-16 -6.661338e-16 -6.661338e-16 -7.771561e-16 -4.440892e-16\n",
       " [6,] -2.289835e-16 -2.636780e-16 -3.330669e-16 -2.220446e-16 -6.661338e-16\n",
       " [7,] -4.440892e-16 -5.551115e-16 -6.661338e-16 -5.551115e-16 -6.661338e-16\n",
       " [8,] -4.440892e-16 -3.330669e-16 -5.551115e-16 -5.551115e-16 -5.967449e-16\n",
       " [9,] -3.885781e-16 -4.440892e-16 -5.551115e-16 -2.220446e-16 -7.771561e-16\n",
       "[10,] -1.110223e-16  8.326673e-17 -3.330669e-16 -5.551115e-17 -5.273559e-16\n",
       "[11,] -5.551115e-16 -4.440892e-16 -4.996004e-16 -5.551115e-16 -2.498002e-16\n",
       "[12,] -4.440892e-16 -2.220446e-16 -3.885781e-16 -3.885781e-16 -3.330669e-16\n",
       "[13,] -3.885781e-16 -4.996004e-16 -7.771561e-16 -4.163336e-16 -3.330669e-16\n",
       "[14,] -1.110223e-16 -6.661338e-16 -2.220446e-16 -4.440892e-16 -1.942890e-16\n",
       "[15,] -5.551115e-16 -3.885781e-16 -3.330669e-16 -2.220446e-16 -4.440892e-16\n",
       "[16,] -2.220446e-16 -2.775558e-16 -5.551115e-16 -1.110223e-16 -7.771561e-16\n",
       "[17,] -4.718448e-16 -9.992007e-16 -6.661338e-16 -7.771561e-16 -7.771561e-16\n",
       "[18,] -4.996004e-16 -7.771561e-16 -3.608225e-16 -7.771561e-16 -3.191891e-16\n",
       "[19,] -5.551115e-16 -7.771561e-16 -7.771561e-16 -1.110223e-15 -4.440892e-16\n",
       "[20,] -5.551115e-16 -1.110223e-16  0.000000e+00 -4.440892e-16 -4.787837e-16"
      ]
     },
     "metadata": {},
     "output_type": "display_data"
    }
   ],
   "source": [
    "# Vérifier la reconstruction de X\n",
    "# à l'erreur machine près\n",
    "X-res$u%*%diag(res$d)%*%t(res$v)"
   ]
  },
  {
   "cell_type": "markdown",
   "metadata": {},
   "source": [
    "**Q** Comparer ci-dessous les valeurs propres des matrices **X'X** et **XX'**. Que dire des dimensions, du rang de ces matrices, de la multiplicité de la valeur propre nulle? \n",
    "\n",
    "**Q** Comparer avec les valeurs propres et les valeurs singulières de **X**."
   ]
  },
  {
   "cell_type": "code",
   "execution_count": 5,
   "metadata": {},
   "outputs": [
    {
     "data": {
      "text/html": [
       "<ol class=list-inline>\n",
       "\t<li>26.9017847086784</li>\n",
       "\t<li>2.70130716464984</li>\n",
       "\t<li>2.11170640833233</li>\n",
       "\t<li>1.35320515843472</li>\n",
       "\t<li>0.71241301805696</li>\n",
       "</ol>\n"
      ],
      "text/latex": [
       "\\begin{enumerate*}\n",
       "\\item 26.9017847086784\n",
       "\\item 2.70130716464984\n",
       "\\item 2.11170640833233\n",
       "\\item 1.35320515843472\n",
       "\\item 0.71241301805696\n",
       "\\end{enumerate*}\n"
      ],
      "text/markdown": [
       "1. 26.9017847086784\n",
       "2. 2.70130716464984\n",
       "3. 2.11170640833233\n",
       "4. 1.35320515843472\n",
       "5. 0.71241301805696\n",
       "\n",
       "\n"
      ],
      "text/plain": [
       "[1] 26.901785  2.701307  2.111706  1.353205  0.712413"
      ]
     },
     "metadata": {},
     "output_type": "display_data"
    }
   ],
   "source": [
    "# Valeurs et vecteurs propres\n",
    "dec1=eigen(t(X)%*%X)\n",
    "dec2=eigen(X%*%t(X))\n",
    "dec1$values"
   ]
  },
  {
   "cell_type": "code",
   "execution_count": 6,
   "metadata": {},
   "outputs": [
    {
     "data": {
      "text/html": [
       "<ol class=list-inline>\n",
       "\t<li>26.9017847086784</li>\n",
       "\t<li>2.70130716464984</li>\n",
       "\t<li>2.11170640833233</li>\n",
       "\t<li>1.35320515843472</li>\n",
       "\t<li>0.71241301805696</li>\n",
       "\t<li>2.42643217192397e-15</li>\n",
       "\t<li>1.10881158148535e-15</li>\n",
       "\t<li>3.91880316803441e-16</li>\n",
       "\t<li>1.50111902152581e-16</li>\n",
       "\t<li>1.44470829506995e-16</li>\n",
       "\t<li>8.84777720763506e-17</li>\n",
       "\t<li>8.51037446634112e-17</li>\n",
       "\t<li>2.40300315037037e-18</li>\n",
       "\t<li>-1.51487564770617e-17</li>\n",
       "\t<li>-3.28010327232781e-17</li>\n",
       "\t<li>-1.07988062451568e-16</li>\n",
       "\t<li>-1.18623840997068e-16</li>\n",
       "\t<li>-1.37359898871414e-16</li>\n",
       "\t<li>-1.78140894985491e-16</li>\n",
       "\t<li>-2.85800304840121e-16</li>\n",
       "</ol>\n"
      ],
      "text/latex": [
       "\\begin{enumerate*}\n",
       "\\item 26.9017847086784\n",
       "\\item 2.70130716464984\n",
       "\\item 2.11170640833233\n",
       "\\item 1.35320515843472\n",
       "\\item 0.71241301805696\n",
       "\\item 2.42643217192397e-15\n",
       "\\item 1.10881158148535e-15\n",
       "\\item 3.91880316803441e-16\n",
       "\\item 1.50111902152581e-16\n",
       "\\item 1.44470829506995e-16\n",
       "\\item 8.84777720763506e-17\n",
       "\\item 8.51037446634112e-17\n",
       "\\item 2.40300315037037e-18\n",
       "\\item -1.51487564770617e-17\n",
       "\\item -3.28010327232781e-17\n",
       "\\item -1.07988062451568e-16\n",
       "\\item -1.18623840997068e-16\n",
       "\\item -1.37359898871414e-16\n",
       "\\item -1.78140894985491e-16\n",
       "\\item -2.85800304840121e-16\n",
       "\\end{enumerate*}\n"
      ],
      "text/markdown": [
       "1. 26.9017847086784\n",
       "2. 2.70130716464984\n",
       "3. 2.11170640833233\n",
       "4. 1.35320515843472\n",
       "5. 0.71241301805696\n",
       "6. 2.42643217192397e-15\n",
       "7. 1.10881158148535e-15\n",
       "8. 3.91880316803441e-16\n",
       "9. 1.50111902152581e-16\n",
       "10. 1.44470829506995e-16\n",
       "11. 8.84777720763506e-17\n",
       "12. 8.51037446634112e-17\n",
       "13. 2.40300315037037e-18\n",
       "14. -1.51487564770617e-17\n",
       "15. -3.28010327232781e-17\n",
       "16. -1.07988062451568e-16\n",
       "17. -1.18623840997068e-16\n",
       "18. -1.37359898871414e-16\n",
       "19. -1.78140894985491e-16\n",
       "20. -2.85800304840121e-16\n",
       "\n",
       "\n"
      ],
      "text/plain": [
       " [1]  2.690178e+01  2.701307e+00  2.111706e+00  1.353205e+00  7.124130e-01\n",
       " [6]  2.426432e-15  1.108812e-15  3.918803e-16  1.501119e-16  1.444708e-16\n",
       "[11]  8.847777e-17  8.510374e-17  2.403003e-18 -1.514876e-17 -3.280103e-17\n",
       "[16] -1.079881e-16 -1.186238e-16 -1.373599e-16 -1.781409e-16 -2.858003e-16"
      ]
     },
     "metadata": {},
     "output_type": "display_data"
    }
   ],
   "source": [
    "dec2$values"
   ]
  },
  {
   "cell_type": "code",
   "execution_count": 7,
   "metadata": {},
   "outputs": [
    {
     "data": {
      "text/html": [
       "<ol class=list-inline>\n",
       "\t<li>5.18669304168642</li>\n",
       "\t<li>1.64356538192122</li>\n",
       "\t<li>1.45317115589745</li>\n",
       "\t<li>1.16327346674577</li>\n",
       "\t<li>0.844045625577765</li>\n",
       "</ol>\n"
      ],
      "text/latex": [
       "\\begin{enumerate*}\n",
       "\\item 5.18669304168642\n",
       "\\item 1.64356538192122\n",
       "\\item 1.45317115589745\n",
       "\\item 1.16327346674577\n",
       "\\item 0.844045625577765\n",
       "\\end{enumerate*}\n"
      ],
      "text/markdown": [
       "1. 5.18669304168642\n",
       "2. 1.64356538192122\n",
       "3. 1.45317115589745\n",
       "4. 1.16327346674577\n",
       "5. 0.844045625577765\n",
       "\n",
       "\n"
      ],
      "text/plain": [
       "[1] 5.1866930 1.6435654 1.4531712 1.1632735 0.8440456"
      ]
     },
     "metadata": {},
     "output_type": "display_data"
    }
   ],
   "source": [
    "sqrt(dec1$values)"
   ]
  },
  {
   "cell_type": "code",
   "execution_count": 8,
   "metadata": {},
   "outputs": [
    {
     "data": {
      "text/html": [
       "<table>\n",
       "<tbody>\n",
       "\t<tr><td> 1.000000e+00</td><td>-8.326673e-17</td><td> 1.110223e-16</td><td>-5.551115e-17</td><td>-5.551115e-17</td></tr>\n",
       "\t<tr><td>-8.326673e-17</td><td> 1.000000e+00</td><td>-2.220446e-16</td><td>-2.081668e-16</td><td> 3.469447e-17</td></tr>\n",
       "\t<tr><td> 1.110223e-16</td><td>-2.220446e-16</td><td> 1.000000e+00</td><td> 2.498002e-16</td><td> 6.938894e-17</td></tr>\n",
       "\t<tr><td>-5.551115e-17</td><td>-2.081668e-16</td><td> 2.498002e-16</td><td> 1.000000e+00</td><td>-3.816392e-17</td></tr>\n",
       "\t<tr><td>-5.551115e-17</td><td> 3.469447e-17</td><td> 6.938894e-17</td><td>-3.816392e-17</td><td> 1.000000e+00</td></tr>\n",
       "</tbody>\n",
       "</table>\n"
      ],
      "text/latex": [
       "\\begin{tabular}{lllll}\n",
       "\t  1.000000e+00 & -8.326673e-17 &  1.110223e-16 & -5.551115e-17 & -5.551115e-17\\\\\n",
       "\t -8.326673e-17 &  1.000000e+00 & -2.220446e-16 & -2.081668e-16 &  3.469447e-17\\\\\n",
       "\t  1.110223e-16 & -2.220446e-16 &  1.000000e+00 &  2.498002e-16 &  6.938894e-17\\\\\n",
       "\t -5.551115e-17 & -2.081668e-16 &  2.498002e-16 &  1.000000e+00 & -3.816392e-17\\\\\n",
       "\t -5.551115e-17 &  3.469447e-17 &  6.938894e-17 & -3.816392e-17 &  1.000000e+00\\\\\n",
       "\\end{tabular}\n"
      ],
      "text/markdown": [
       "\n",
       "|  1.000000e+00 | -8.326673e-17 |  1.110223e-16 | -5.551115e-17 | -5.551115e-17 | \n",
       "| -8.326673e-17 |  1.000000e+00 | -2.220446e-16 | -2.081668e-16 |  3.469447e-17 | \n",
       "|  1.110223e-16 | -2.220446e-16 |  1.000000e+00 |  2.498002e-16 |  6.938894e-17 | \n",
       "| -5.551115e-17 | -2.081668e-16 |  2.498002e-16 |  1.000000e+00 | -3.816392e-17 | \n",
       "| -5.551115e-17 |  3.469447e-17 |  6.938894e-17 | -3.816392e-17 |  1.000000e+00 | \n",
       "\n",
       "\n"
      ],
      "text/plain": [
       "     [,1]          [,2]          [,3]          [,4]          [,5]         \n",
       "[1,]  1.000000e+00 -8.326673e-17  1.110223e-16 -5.551115e-17 -5.551115e-17\n",
       "[2,] -8.326673e-17  1.000000e+00 -2.220446e-16 -2.081668e-16  3.469447e-17\n",
       "[3,]  1.110223e-16 -2.220446e-16  1.000000e+00  2.498002e-16  6.938894e-17\n",
       "[4,] -5.551115e-17 -2.081668e-16  2.498002e-16  1.000000e+00 -3.816392e-17\n",
       "[5,] -5.551115e-17  3.469447e-17  6.938894e-17 -3.816392e-17  1.000000e+00"
      ]
     },
     "metadata": {},
     "output_type": "display_data"
    }
   ],
   "source": [
    "U=dec2$vectors\n",
    "V=dec1$vectors\n",
    "# Orthonormalité des vecteurs\n",
    "t(V)%*%V"
   ]
  },
  {
   "cell_type": "code",
   "execution_count": 9,
   "metadata": {},
   "outputs": [
    {
     "data": {
      "text/html": [
       "<table>\n",
       "<tbody>\n",
       "\t<tr><td> 1.000000e+00</td><td> 8.933826e-17</td><td>-8.326673e-17</td><td> 2.949030e-17</td><td> 0.000000e+00</td><td> 1.387779e-16</td><td> 9.020562e-17</td><td>-4.336809e-17</td><td>-5.551115e-17</td><td>-2.862294e-17</td><td> 4.857226e-17</td><td> 6.938894e-18</td><td>-4.163336e-17</td><td>-1.387779e-17</td><td> 2.775558e-17</td><td> 2.081668e-17</td><td>-2.081668e-17</td><td>-3.469447e-17</td><td>-2.775558e-17</td><td>-2.081668e-17</td></tr>\n",
       "\t<tr><td> 8.933826e-17</td><td> 1.000000e+00</td><td> 6.245005e-17</td><td> 3.282964e-16</td><td> 1.144917e-16</td><td> 3.313322e-16</td><td> 2.775558e-17</td><td> 1.196959e-16</td><td> 9.540979e-17</td><td>-1.797607e-16</td><td>-4.423545e-17</td><td>-6.938894e-18</td><td> 1.613293e-16</td><td> 3.937822e-16</td><td> 1.864828e-16</td><td>-6.982262e-17</td><td>-2.541370e-16</td><td> 1.665335e-16</td><td>-2.615096e-16</td><td> 3.382711e-17</td></tr>\n",
       "\t<tr><td>-8.326673e-17</td><td> 6.245005e-17</td><td> 1.000000e+00</td><td>-2.498002e-16</td><td> 1.387779e-16</td><td> 1.110223e-16</td><td> 1.318390e-16</td><td>-1.734723e-16</td><td>-3.469447e-17</td><td>-5.030698e-17</td><td> 6.245005e-17</td><td> 1.387779e-17</td><td> 0.000000e+00</td><td>-4.163336e-17</td><td>-8.326673e-17</td><td> 1.838807e-16</td><td>-1.387779e-17</td><td> 6.938894e-17</td><td> 3.469447e-18</td><td> 2.359224e-16</td></tr>\n",
       "\t<tr><td> 2.949030e-17</td><td> 3.282964e-16</td><td>-2.498002e-16</td><td> 1.000000e+00</td><td> 3.400058e-16</td><td> 1.630640e-16</td><td> 1.335737e-16</td><td>-8.890458e-17</td><td>-1.214306e-17</td><td>-3.165870e-17</td><td>-1.561251e-17</td><td> 4.857226e-17</td><td> 8.326673e-17</td><td> 1.734723e-17</td><td> 2.116363e-16</td><td>-7.719519e-17</td><td> 5.551115e-17</td><td> 1.127570e-16</td><td>-1.769418e-16</td><td> 1.231654e-16</td></tr>\n",
       "\t<tr><td> 0.000000e+00</td><td> 1.144917e-16</td><td> 1.387779e-16</td><td> 3.400058e-16</td><td> 1.000000e+00</td><td> 5.551115e-17</td><td> 4.163336e-17</td><td>-2.081668e-17</td><td> 4.163336e-17</td><td>-5.724587e-17</td><td>-6.938894e-18</td><td> 8.326673e-17</td><td> 5.551115e-17</td><td> 2.775558e-17</td><td> 6.938894e-17</td><td> 4.163336e-17</td><td>-4.163336e-17</td><td>-5.551115e-17</td><td>-7.632783e-17</td><td>-6.938894e-18</td></tr>\n",
       "\t<tr><td> 1.387779e-16</td><td> 3.313322e-16</td><td> 1.110223e-16</td><td> 1.630640e-16</td><td> 5.551115e-17</td><td> 1.000000e+00</td><td> 2.983724e-16</td><td> 1.942890e-16</td><td> 1.457168e-16</td><td> 5.377643e-17</td><td> 4.163336e-17</td><td>-2.775558e-17</td><td>-4.163336e-17</td><td> 6.938894e-17</td><td> 0.000000e+00</td><td> 2.671474e-16</td><td> 4.163336e-17</td><td> 1.110223e-16</td><td>-1.040834e-17</td><td> 1.179612e-16</td></tr>\n",
       "\t<tr><td> 9.020562e-17</td><td> 2.775558e-17</td><td> 1.318390e-16</td><td> 1.335737e-16</td><td> 4.163336e-17</td><td> 2.983724e-16</td><td> 1.000000e+00</td><td>-1.040834e-17</td><td> 7.459311e-17</td><td>-1.578598e-16</td><td> 2.775558e-17</td><td> 5.551115e-17</td><td> 3.469447e-17</td><td> 9.367507e-17</td><td> 2.185752e-16</td><td> 3.469447e-18</td><td>-2.220446e-16</td><td> 6.591949e-17</td><td>-1.960238e-16</td><td> 6.938894e-17</td></tr>\n",
       "\t<tr><td>-4.336809e-17</td><td> 1.196959e-16</td><td>-1.734723e-16</td><td>-8.890458e-17</td><td>-2.081668e-17</td><td> 1.942890e-16</td><td>-1.040834e-17</td><td> 1.000000e+00</td><td> 1.066855e-16</td><td>-1.838807e-16</td><td>-7.546047e-17</td><td>-1.387779e-17</td><td>-2.081668e-17</td><td>-2.307182e-16</td><td> 9.020562e-17</td><td>-5.637851e-17</td><td> 1.578598e-16</td><td>-1.526557e-16</td><td> 1.370432e-16</td><td>-2.081668e-17</td></tr>\n",
       "\t<tr><td>-5.551115e-17</td><td> 9.540979e-17</td><td>-3.469447e-17</td><td>-1.214306e-17</td><td> 4.163336e-17</td><td> 1.457168e-16</td><td> 7.459311e-17</td><td> 1.066855e-16</td><td> 1.000000e+00</td><td> 6.938894e-17</td><td> 1.561251e-17</td><td>-2.428613e-17</td><td>-1.040834e-17</td><td> 6.591949e-17</td><td>-5.551115e-17</td><td> 1.474515e-16</td><td>-1.734723e-17</td><td> 2.428613e-17</td><td>-5.204170e-18</td><td> 3.035766e-17</td></tr>\n",
       "\t<tr><td>-2.862294e-17</td><td>-1.797607e-16</td><td>-5.030698e-17</td><td>-3.165870e-17</td><td>-5.724587e-17</td><td> 5.377643e-17</td><td>-1.578598e-16</td><td>-1.838807e-16</td><td> 6.938894e-17</td><td> 1.000000e+00</td><td> 5.941428e-17</td><td>-2.168404e-16</td><td> 4.250073e-17</td><td>-8.066464e-17</td><td> 6.938894e-18</td><td> 2.194425e-16</td><td> 8.933826e-17</td><td>-2.688821e-17</td><td>-3.903128e-18</td><td> 3.599551e-17</td></tr>\n",
       "\t<tr><td> 4.857226e-17</td><td>-4.423545e-17</td><td> 6.245005e-17</td><td>-1.561251e-17</td><td>-6.938894e-18</td><td> 4.163336e-17</td><td> 2.775558e-17</td><td>-7.546047e-17</td><td> 1.561251e-17</td><td> 5.941428e-17</td><td> 1.000000e+00</td><td>-4.510281e-17</td><td> 3.469447e-18</td><td>-1.214306e-16</td><td> 1.283695e-16</td><td>-1.023487e-16</td><td>-3.469447e-18</td><td> 1.040834e-16</td><td>-1.873501e-16</td><td> 1.821460e-16</td></tr>\n",
       "\t<tr><td> 6.938894e-18</td><td>-6.938894e-18</td><td> 1.387779e-17</td><td> 4.857226e-17</td><td> 8.326673e-17</td><td>-2.775558e-17</td><td> 5.551115e-17</td><td>-1.387779e-17</td><td>-2.428613e-17</td><td>-2.168404e-16</td><td>-4.510281e-17</td><td> 1.000000e+00</td><td>-5.551115e-17</td><td>-6.938894e-18</td><td>-2.081668e-16</td><td>-2.220446e-16</td><td> 1.387779e-17</td><td>-4.857226e-17</td><td>-1.075529e-16</td><td>-1.075529e-16</td></tr>\n",
       "\t<tr><td>-4.163336e-17</td><td> 1.613293e-16</td><td> 0.000000e+00</td><td> 8.326673e-17</td><td> 5.551115e-17</td><td>-4.163336e-17</td><td> 3.469447e-17</td><td>-2.081668e-17</td><td>-1.040834e-17</td><td> 4.250073e-17</td><td> 3.469447e-18</td><td>-5.551115e-17</td><td> 1.000000e+00</td><td>-1.387779e-17</td><td>-6.245005e-17</td><td> 1.353084e-16</td><td> 1.249001e-16</td><td>-1.595946e-16</td><td>-9.714451e-17</td><td> 2.081668e-17</td></tr>\n",
       "\t<tr><td>-1.387779e-17</td><td> 3.937822e-16</td><td>-4.163336e-17</td><td> 1.734723e-17</td><td> 2.775558e-17</td><td> 6.938894e-17</td><td> 9.367507e-17</td><td>-2.307182e-16</td><td> 6.591949e-17</td><td>-8.066464e-17</td><td>-1.214306e-16</td><td>-6.938894e-18</td><td>-1.387779e-17</td><td> 1.000000e+00</td><td>-5.551115e-17</td><td>-6.591949e-17</td><td> 1.595946e-16</td><td>-9.020562e-17</td><td> 2.775558e-17</td><td>-1.838807e-16</td></tr>\n",
       "\t<tr><td> 2.775558e-17</td><td> 1.864828e-16</td><td>-8.326673e-17</td><td> 2.116363e-16</td><td> 6.938894e-17</td><td> 0.000000e+00</td><td> 2.185752e-16</td><td> 9.020562e-17</td><td>-5.551115e-17</td><td> 6.938894e-18</td><td> 1.283695e-16</td><td>-2.081668e-16</td><td>-6.245005e-17</td><td>-5.551115e-17</td><td> 1.000000e+00</td><td> 2.220446e-16</td><td> 1.457168e-16</td><td>-1.249001e-16</td><td> 3.469447e-17</td><td> 3.469447e-18</td></tr>\n",
       "\t<tr><td> 2.081668e-17</td><td>-6.982262e-17</td><td> 1.838807e-16</td><td>-7.719519e-17</td><td> 4.163336e-17</td><td> 2.671474e-16</td><td> 3.469447e-18</td><td>-5.637851e-17</td><td> 1.474515e-16</td><td> 2.194425e-16</td><td>-1.023487e-16</td><td>-2.220446e-16</td><td> 1.353084e-16</td><td>-6.591949e-17</td><td> 2.220446e-16</td><td> 1.000000e+00</td><td> 4.857226e-17</td><td>-3.573530e-16</td><td>-3.087808e-16</td><td>-1.474515e-16</td></tr>\n",
       "\t<tr><td>-2.081668e-17</td><td>-2.541370e-16</td><td>-1.387779e-17</td><td> 5.551115e-17</td><td>-4.163336e-17</td><td> 4.163336e-17</td><td>-2.220446e-16</td><td> 1.578598e-16</td><td>-1.734723e-17</td><td> 8.933826e-17</td><td>-3.469447e-18</td><td> 1.387779e-17</td><td> 1.249001e-16</td><td> 1.595946e-16</td><td> 1.457168e-16</td><td> 4.857226e-17</td><td> 1.000000e+00</td><td>-2.081668e-17</td><td> 4.336809e-17</td><td>-1.561251e-16</td></tr>\n",
       "\t<tr><td>-3.469447e-17</td><td> 1.665335e-16</td><td> 6.938894e-17</td><td> 1.127570e-16</td><td>-5.551115e-17</td><td> 1.110223e-16</td><td> 6.591949e-17</td><td>-1.526557e-16</td><td> 2.428613e-17</td><td>-2.688821e-17</td><td> 1.040834e-16</td><td>-4.857226e-17</td><td>-1.595946e-16</td><td>-9.020562e-17</td><td>-1.249001e-16</td><td>-3.573530e-16</td><td>-2.081668e-17</td><td> 1.000000e+00</td><td>-8.673617e-17</td><td>-3.469447e-18</td></tr>\n",
       "\t<tr><td>-2.775558e-17</td><td>-2.615096e-16</td><td> 3.469447e-18</td><td>-1.769418e-16</td><td>-7.632783e-17</td><td>-1.040834e-17</td><td>-1.960238e-16</td><td> 1.370432e-16</td><td>-5.204170e-18</td><td>-3.903128e-18</td><td>-1.873501e-16</td><td>-1.075529e-16</td><td>-9.714451e-17</td><td> 2.775558e-17</td><td> 3.469447e-17</td><td>-3.087808e-16</td><td> 4.336809e-17</td><td>-8.673617e-17</td><td> 1.000000e+00</td><td>-1.960238e-16</td></tr>\n",
       "\t<tr><td>-2.081668e-17</td><td> 3.382711e-17</td><td> 2.359224e-16</td><td> 1.231654e-16</td><td>-6.938894e-18</td><td> 1.179612e-16</td><td> 6.938894e-17</td><td>-2.081668e-17</td><td> 3.035766e-17</td><td> 3.599551e-17</td><td> 1.821460e-16</td><td>-1.075529e-16</td><td> 2.081668e-17</td><td>-1.838807e-16</td><td> 3.469447e-18</td><td>-1.474515e-16</td><td>-1.561251e-16</td><td>-3.469447e-18</td><td>-1.960238e-16</td><td> 1.000000e+00</td></tr>\n",
       "</tbody>\n",
       "</table>\n"
      ],
      "text/latex": [
       "\\begin{tabular}{llllllllllllllllllll}\n",
       "\t  1.000000e+00 &  8.933826e-17 & -8.326673e-17 &  2.949030e-17 &  0.000000e+00 &  1.387779e-16 &  9.020562e-17 & -4.336809e-17 & -5.551115e-17 & -2.862294e-17 &  4.857226e-17 &  6.938894e-18 & -4.163336e-17 & -1.387779e-17 &  2.775558e-17 &  2.081668e-17 & -2.081668e-17 & -3.469447e-17 & -2.775558e-17 & -2.081668e-17\\\\\n",
       "\t  8.933826e-17 &  1.000000e+00 &  6.245005e-17 &  3.282964e-16 &  1.144917e-16 &  3.313322e-16 &  2.775558e-17 &  1.196959e-16 &  9.540979e-17 & -1.797607e-16 & -4.423545e-17 & -6.938894e-18 &  1.613293e-16 &  3.937822e-16 &  1.864828e-16 & -6.982262e-17 & -2.541370e-16 &  1.665335e-16 & -2.615096e-16 &  3.382711e-17\\\\\n",
       "\t -8.326673e-17 &  6.245005e-17 &  1.000000e+00 & -2.498002e-16 &  1.387779e-16 &  1.110223e-16 &  1.318390e-16 & -1.734723e-16 & -3.469447e-17 & -5.030698e-17 &  6.245005e-17 &  1.387779e-17 &  0.000000e+00 & -4.163336e-17 & -8.326673e-17 &  1.838807e-16 & -1.387779e-17 &  6.938894e-17 &  3.469447e-18 &  2.359224e-16\\\\\n",
       "\t  2.949030e-17 &  3.282964e-16 & -2.498002e-16 &  1.000000e+00 &  3.400058e-16 &  1.630640e-16 &  1.335737e-16 & -8.890458e-17 & -1.214306e-17 & -3.165870e-17 & -1.561251e-17 &  4.857226e-17 &  8.326673e-17 &  1.734723e-17 &  2.116363e-16 & -7.719519e-17 &  5.551115e-17 &  1.127570e-16 & -1.769418e-16 &  1.231654e-16\\\\\n",
       "\t  0.000000e+00 &  1.144917e-16 &  1.387779e-16 &  3.400058e-16 &  1.000000e+00 &  5.551115e-17 &  4.163336e-17 & -2.081668e-17 &  4.163336e-17 & -5.724587e-17 & -6.938894e-18 &  8.326673e-17 &  5.551115e-17 &  2.775558e-17 &  6.938894e-17 &  4.163336e-17 & -4.163336e-17 & -5.551115e-17 & -7.632783e-17 & -6.938894e-18\\\\\n",
       "\t  1.387779e-16 &  3.313322e-16 &  1.110223e-16 &  1.630640e-16 &  5.551115e-17 &  1.000000e+00 &  2.983724e-16 &  1.942890e-16 &  1.457168e-16 &  5.377643e-17 &  4.163336e-17 & -2.775558e-17 & -4.163336e-17 &  6.938894e-17 &  0.000000e+00 &  2.671474e-16 &  4.163336e-17 &  1.110223e-16 & -1.040834e-17 &  1.179612e-16\\\\\n",
       "\t  9.020562e-17 &  2.775558e-17 &  1.318390e-16 &  1.335737e-16 &  4.163336e-17 &  2.983724e-16 &  1.000000e+00 & -1.040834e-17 &  7.459311e-17 & -1.578598e-16 &  2.775558e-17 &  5.551115e-17 &  3.469447e-17 &  9.367507e-17 &  2.185752e-16 &  3.469447e-18 & -2.220446e-16 &  6.591949e-17 & -1.960238e-16 &  6.938894e-17\\\\\n",
       "\t -4.336809e-17 &  1.196959e-16 & -1.734723e-16 & -8.890458e-17 & -2.081668e-17 &  1.942890e-16 & -1.040834e-17 &  1.000000e+00 &  1.066855e-16 & -1.838807e-16 & -7.546047e-17 & -1.387779e-17 & -2.081668e-17 & -2.307182e-16 &  9.020562e-17 & -5.637851e-17 &  1.578598e-16 & -1.526557e-16 &  1.370432e-16 & -2.081668e-17\\\\\n",
